 &SRS
<MetaDataAtStart>
mode=assessment
variable_meta=True
noisy=True
background=True
multiple=True
Wavelength (Angstroms)=1.32835
features=15
offset_compensation=1
pre-filter-mode=0
slit_1_setting=0.6621
detector_offset=-4.2023
preamp_freq=923.9790
seed=928423300
integrator constant=41.2060
Mode=assessment
post-filter-chopper=0
temperature=347.9667
detector_gain=1000
issid=py23sr2
slit_2_setting=0.7634
</MetaDataAtStart>
&END
Two Theta(deg)	Counts(sec^-1)
10.0	8.0
10.1	8.0
10.2	4.0
10.3	9.0
10.4	2.0
10.5	6.0
10.6	8.0
10.7	4.0
10.8	10.0
10.9	10.0
11.0	8.0
11.1	7.0
11.2	1.0
11.3	7.0
11.4	6.0
11.5	7.0
11.6	10.0
11.7	7.0
11.8	7.0
11.9	4.0
12.0	7.0
12.1	9.0
12.2	5.0
12.3	10.0
12.4	8.0
12.5	3.0
12.6	4.0
12.7	5.0
12.8	11.0
12.9	13.0
13.0	8.0
13.1	12.0
13.2	10.0
13.3	12.0
13.4	12.0
13.5	13.0
13.6	12.0
13.7	5.0
13.8	5.0
13.9	7.0
14.0	7.0
14.1	13.0
14.2	6.0
14.3	8.0
14.4	7.0
14.5	6.0
14.6	11.0
14.7	10.0
14.8	15.0
14.9	15.0
15.0	9.0
15.1	7.0
15.2	9.0
15.3	15.0
15.4	8.0
15.5	13.0
15.6	16.0
15.7	15.0
15.8	13.0
15.9	15.0
16.0	10.0
16.1	10.0
16.2	8.0
16.3	9.0
16.4	16.0
16.5	12.0
16.6	11.0
16.7	9.0
16.8	9.0
16.9	10.0
17.0	14.0
17.1	13.0
17.2	14.0
17.3	14.0
17.4	12.0
17.5	11.0
17.6	10.0
17.7	17.0
17.8	17.0
17.9	17.0
18.0	13.0
18.1	16.0
18.2	11.0
18.3	10.0
18.4	9.0
18.5	11.0
18.6	10.0
18.7	10.0
18.8	10.0
18.9	13.0
19.0	13.0
19.1	10.0
19.2	13.0
19.3	14.0
19.4	19.0
19.5	14.0
19.6	15.0
19.7	13.0
19.8	18.0
19.9	15.0
20.0	16.0
20.1	18.0
20.2	17.0
20.3	19.0
20.4	18.0
20.5	17.0
20.6	13.0
20.7	19.0
20.8	19.0
20.9	19.0
21.0	17.0
21.1	14.0
21.2	13.0
21.3	17.0
21.4	14.0
21.5	21.0
21.6	12.0
21.7	15.0
21.8	17.0
21.9	20.0
22.0	13.0
22.1	15.0
22.2	19.0
22.3	19.0
22.4	18.0
22.5	20.0
22.6	13.0
22.7	19.0
22.8	19.0
22.9	21.0
23.0	20.0
23.1	13.0
23.2	14.0
23.3	20.0
23.4	13.0
23.5	16.0
23.6	14.0
23.7	17.0
23.8	17.0
23.9	18.0
24.0	15.0
24.1	15.0
24.2	17.0
24.3	14.0
24.4	16.0
24.5	21.0
24.6	18.0
24.7	15.0
24.8	16.0
24.9	22.0
25.0	14.0
25.1	15.0
25.2	23.0
25.3	24.0
25.4	20.0
25.5	15.0
25.6	15.0
25.7	15.0
25.8	16.0
25.9	17.0
26.0	15.0
26.1	22.0
26.2	23.0
26.3	19.0
26.4	20.0
26.5	24.0
26.6	21.0
26.7	21.0
26.8	24.0
26.9	22.0
27.0	23.0
27.1	19.0
27.2	18.0
27.3	24.0
27.4	22.0
27.5	24.0
27.6	18.0
27.7	20.0
27.8	16.0
27.9	20.0
28.0	22.0
28.1	23.0
28.2	17.0
28.3	18.0
28.4	19.0
28.5	16.0
28.6	25.0
28.7	18.0
28.8	23.0
28.9	24.0
29.0	17.0
29.1	21.0
29.2	22.0
29.3	24.0
29.4	20.0
29.5	26.0
29.6	25.0
29.7	21.0
29.8	23.0
29.9	24.0
30.0	27.0
30.1	23.0
30.2	22.0
30.3	21.0
30.4	18.0
30.5	24.0
30.6	26.0
30.7	19.0
30.8	25.0
30.9	20.0
31.0	19.0
31.1	22.0
31.2	20.0
31.3	26.0
31.4	27.0
31.5	26.0
31.6	25.0
31.7	26.0
31.8	27.0
31.9	23.0
32.0	22.0
32.1	19.0
32.2	28.0
32.3	21.0
32.4	25.0
32.5	24.0
32.6	24.0
32.7	24.0
32.8	27.0
32.9	28.0
33.0	23.0
33.1	25.0
33.2	21.0
33.3	28.0
33.4	27.0
33.5	21.0
33.6	26.0
33.7	27.0
33.8	27.0
33.9	26.0
34.0	29.0
34.1	28.0
34.2	22.0
34.3	28.0
34.4	29.0
34.5	25.0
34.6	24.0
34.7	27.0
34.8	29.0
34.9	26.0
35.0	28.0
35.1	27.0
35.2	26.0
35.3	22.0
35.4	24.0
35.5	26.0
35.6	22.0
35.7	27.0
35.8	27.0
35.9	26.0
36.0	33.0
36.1	53.0
36.2	105.0
36.3	178.0
36.4	299.0
36.5	411.0
36.6	505.0
36.7	511.0
36.8	445.0
36.9	331.0
37.0	211.0
37.1	123.0
37.2	69.0
37.3	38.0
37.4	31.0
37.5	31.0
37.6	23.0
37.7	23.0
37.8	30.0
37.9	27.0
38.0	28.0
38.1	27.0
38.2	22.0
38.3	31.0
38.4	25.0
38.5	27.0
38.6	23.0
38.7	25.0
38.8	25.0
38.9	27.0
39.0	28.0
39.1	27.0
39.2	32.0
39.3	25.0
39.4	24.0
39.5	31.0
39.6	28.0
39.7	23.0
39.8	28.0
39.9	27.0
40.0	30.0
40.1	30.0
40.2	32.0
40.3	24.0
40.4	24.0
40.5	30.0
40.6	28.0
40.7	33.0
40.8	24.0
40.9	32.0
41.0	31.0
41.1	33.0
41.2	31.0
41.3	29.0
41.4	32.0
41.5	33.0
41.6	26.0
41.7	32.0
41.8	26.0
41.9	34.0
42.0	46.0
42.1	70.0
42.2	119.0
42.3	189.0
42.4	262.0
42.5	327.0
42.6	349.0
42.7	321.0
42.8	252.0
42.9	177.0
43.0	114.0
43.1	63.0
43.2	42.0
43.3	32.0
43.4	35.0
43.5	31.0
43.6	27.0
43.7	25.0
43.8	27.0
43.9	32.0
44.0	25.0
44.1	32.0
44.2	25.0
44.3	27.0
44.4	32.0
44.5	34.0
44.6	34.0
44.7	32.0
44.8	27.0
44.9	25.0
45.0	28.0
45.1	35.0
45.2	28.0
45.3	25.0
45.4	28.0
45.5	31.0
45.6	32.0
45.7	30.0
45.8	27.0
45.9	29.0
46.0	27.0
46.1	31.0
46.2	34.0
46.3	32.0
46.4	27.0
46.5	28.0
46.6	26.0
46.7	31.0
46.8	34.0
46.9	28.0
47.0	30.0
47.1	31.0
47.2	30.0
47.3	34.0
47.4	34.0
47.5	27.0
47.6	34.0
47.7	27.0
47.8	32.0
47.9	31.0
48.0	33.0
48.1	27.0
48.2	27.0
48.3	28.0
48.4	29.0
48.5	28.0
48.6	27.0
48.7	30.0
48.8	35.0
48.9	30.0
49.0	29.0
49.1	36.0
49.2	27.0
49.3	34.0
49.4	31.0
49.5	31.0
49.6	36.0
49.7	30.0
49.8	32.0
49.9	34.0
50.0	34.0
50.1	35.0
50.2	27.0
50.3	27.0
50.4	32.0
50.5	29.0
50.6	28.0
50.7	32.0
50.8	32.0
50.9	31.0
51.0	28.0
51.1	29.0
51.2	32.0
51.3	31.0
51.4	34.0
51.5	30.0
51.6	31.0
51.7	27.0
51.8	37.0
51.9	34.0
52.0	29.0
52.1	33.0
52.2	33.0
52.3	29.0
52.4	31.0
52.5	31.0
52.6	36.0
52.7	35.0
52.8	31.0
52.9	35.0
53.0	28.0
53.1	35.0
53.2	30.0
53.3	31.0
53.4	36.0
53.5	32.0
53.6	36.0
53.7	37.0
53.8	37.0
53.9	34.0
54.0	35.0
54.1	37.0
54.2	33.0
54.3	31.0
54.4	34.0
54.5	35.0
54.6	28.0
54.7	28.0
54.8	32.0
54.9	29.0
55.0	28.0
55.1	37.0
55.2	36.0
55.3	28.0
55.4	34.0
55.5	28.0
55.6	28.0
55.7	32.0
55.8	30.0
55.9	32.0
56.0	35.0
56.1	32.0
56.2	32.0
56.3	37.0
56.4	37.0
56.5	35.0
56.6	32.0
56.7	31.0
56.8	31.0
56.9	37.0
57.0	34.0
57.1	36.0
57.2	29.0
57.3	32.0
57.4	28.0
57.5	32.0
57.6	29.0
57.7	29.0
57.8	30.0
57.9	32.0
58.0	30.0
58.1	37.0
58.2	34.0
58.3	35.0
58.4	33.0
58.5	36.0
58.6	32.0
58.7	29.0
58.8	30.0
58.9	38.0
59.0	31.0
59.1	30.0
59.2	33.0
59.3	32.0
59.4	31.0
59.5	35.0
59.6	30.0
59.7	30.0
59.8	38.0
59.9	30.0
60.0	37.0
60.1	34.0
60.2	35.0
60.3	33.0
60.4	34.0
60.5	37.0
60.6	28.0
60.7	38.0
60.8	32.0
60.9	34.0
61.0	32.0
61.1	38.0
61.2	54.0
61.3	78.0
61.4	114.0
61.5	159.0
61.6	221.0
61.7	267.0
61.8	294.0
61.9	280.0
62.0	232.0
62.1	171.0
62.2	124.0
62.3	81.0
62.4	52.0
62.5	39.0
62.6	37.0
62.7	29.0
62.8	36.0
62.9	30.0
63.0	37.0
63.1	34.0
63.2	33.0
63.3	36.0
63.4	37.0
63.5	29.0
63.6	36.0
63.7	30.0
63.8	34.0
63.9	35.0
64.0	36.0
64.1	34.0
64.2	37.0
64.3	35.0
64.4	33.0
64.5	35.0
64.6	33.0
64.7	37.0
64.8	32.0
64.9	31.0
65.0	29.0
65.1	37.0
65.2	29.0
65.3	35.0
65.4	32.0
65.5	32.0
65.6	32.0
65.7	31.0
65.8	34.0
65.9	30.0
66.0	31.0
66.1	31.0
66.2	38.0
66.3	31.0
66.4	32.0
66.5	37.0
66.6	31.0
66.7	33.0
66.8	31.0
66.9	35.0
67.0	28.0
67.1	37.0
67.2	34.0
67.3	29.0
67.4	33.0
67.5	32.0
67.6	34.0
67.7	30.0
67.8	28.0
67.9	34.0
68.0	29.0
68.1	33.0
68.2	32.0
68.3	28.0
68.4	30.0
68.5	30.0
68.6	30.0
68.7	33.0
68.8	35.0
68.9	29.0
69.0	30.0
69.1	33.0
69.2	31.0
69.3	37.0
69.4	34.0
69.5	33.0
69.6	36.0
69.7	28.0
69.8	29.0
69.9	31.0
70.0	37.0
70.1	35.0
70.2	31.0
70.3	37.0
70.4	33.0
70.5	31.0
70.6	28.0
70.7	28.0
70.8	28.0
70.9	30.0
71.0	30.0
71.1	32.0
71.2	37.0
71.3	35.0
71.4	29.0
71.5	28.0
71.6	35.0
71.7	32.0
71.8	28.0
71.9	35.0
72.0	32.0
72.1	37.0
72.2	34.0
72.3	30.0
72.4	32.0
72.5	36.0
72.6	30.0
72.7	34.0
72.8	32.0
72.9	36.0
73.0	28.0
73.1	38.0
73.2	35.0
73.3	46.0
73.4	68.0
73.5	110.0
73.6	176.0
73.7	271.0
73.8	383.0
73.9	484.0
74.0	559.0
74.1	568.0
74.2	518.0
74.3	421.0
74.4	302.0
74.5	207.0
74.6	122.0
74.7	81.0
74.8	50.0
74.9	36.0
75.0	31.0
75.1	32.0
75.2	32.0
75.3	28.0
75.4	27.0
75.5	34.0
75.6	29.0
75.7	29.0
75.8	31.0
75.9	27.0
76.0	35.0
76.1	31.0
76.2	31.0
76.3	36.0
76.4	29.0
76.5	32.0
76.6	36.0
76.7	36.0
76.8	35.0
76.9	36.0
77.0	29.0
77.1	37.0
77.2	41.0
77.3	45.0
77.4	59.0
77.5	77.0
77.6	104.0
77.7	145.0
77.8	171.0
77.9	191.0
78.0	193.0
78.1	177.0
78.2	149.0
78.3	118.0
78.4	87.0
78.5	61.0
78.6	49.0
78.7	34.0
78.8	38.0
78.9	33.0
79.0	33.0
79.1	27.0
79.2	26.0
79.3	34.0
79.4	32.0
79.5	33.0
79.6	27.0
79.7	26.0
79.8	28.0
79.9	26.0
80.0	30.0
80.1	32.0
80.2	33.0
80.3	35.0
80.4	27.0
80.5	32.0
80.6	27.0
80.7	34.0
80.8	28.0
80.9	28.0
81.0	32.0
81.1	25.0
81.2	27.0
81.3	33.0
81.4	33.0
81.5	30.0
81.6	32.0
81.7	29.0
81.8	34.0
81.9	26.0
82.0	31.0
82.1	29.0
82.2	30.0
82.3	34.0
82.4	31.0
82.5	27.0
82.6	31.0
82.7	32.0
82.8	26.0
82.9	25.0
83.0	31.0
83.1	34.0
83.2	28.0
83.3	29.0
83.4	27.0
83.5	32.0
83.6	25.0
83.7	34.0
83.8	24.0
83.9	26.0
84.0	31.0
84.1	32.0
84.2	32.0
84.3	32.0
84.4	25.0
84.5	25.0
84.6	30.0
84.7	30.0
84.8	33.0
84.9	27.0
85.0	29.0
85.1	26.0
85.2	25.0
85.3	24.0
85.4	25.0
85.5	31.0
85.6	26.0
85.7	27.0
85.8	29.0
85.9	28.0
86.0	32.0
86.1	26.0
86.2	23.0
86.3	28.0
86.4	30.0
86.5	29.0
86.6	24.0
86.7	32.0
86.8	28.0
86.9	28.0
87.0	28.0
87.1	31.0
87.2	32.0
87.3	31.0
87.4	30.0
87.5	27.0
87.6	27.0
87.7	23.0
87.8	28.0
87.9	28.0
88.0	30.0
88.1	28.0
88.2	22.0
88.3	25.0
88.4	22.0
88.5	30.0
88.6	28.0
88.7	29.0
88.8	22.0
88.9	27.0
89.0	30.0
89.1	29.0
89.2	22.0
89.3	29.0
89.4	29.0
89.5	31.0
89.6	28.0
89.7	23.0
89.8	31.0
89.9	25.0
90.0	28.0
90.1	28.0
90.2	21.0
90.3	30.0
90.4	22.0
90.5	23.0
90.6	30.0
90.7	21.0
90.8	25.0
90.9	23.0
91.0	28.0
91.1	23.0
91.2	27.0
91.3	24.0
91.4	25.0
91.5	22.0
91.6	24.0
91.7	24.0
91.8	23.0
91.9	25.0
92.0	27.0
92.1	23.0
92.2	21.0
92.3	27.0
92.4	32.0
92.5	34.0
92.6	42.0
92.7	54.0
92.8	74.0
92.9	87.0
93.0	96.0
93.1	111.0
93.2	111.0
93.3	105.0
93.4	89.0
93.5	73.0
93.6	64.0
93.7	44.0
93.8	37.0
93.9	30.0
94.0	29.0
94.1	21.0
94.2	21.0
94.3	27.0
94.4	25.0
94.5	20.0
94.6	25.0
94.7	28.0
94.8	25.0
94.9	25.0
95.0	27.0
95.1	19.0
95.2	22.0
95.3	22.0
95.4	27.0
95.5	19.0
95.6	18.0
95.7	26.0
95.8	24.0
95.9	24.0
96.0	22.0
96.1	20.0
96.2	20.0
96.3	26.0
96.4	26.0
96.5	25.0
96.6	23.0
96.7	21.0
96.8	25.0
96.9	21.0
97.0	26.0
97.1	22.0
97.2	25.0
97.3	17.0
97.4	19.0
97.5	18.0
97.6	25.0
97.7	19.0
97.8	21.0
97.9	25.0
98.0	20.0
98.1	21.0
98.2	17.0
98.3	23.0
98.4	22.0
98.5	18.0
98.6	23.0
98.7	24.0
98.8	19.0
98.9	21.0
99.0	18.0
99.1	21.0
99.2	21.0
99.3	18.0
99.4	19.0
99.5	24.0
99.6	16.0
99.7	15.0
99.8	23.0
99.9	24.0
100.0	24.0
100.1	15.0
100.2	20.0
100.3	16.0
100.4	18.0
100.5	22.0
100.6	22.0
100.7	24.0
100.8	16.0
100.9	16.0
101.0	19.0
101.1	17.0
101.2	17.0
101.3	14.0
101.4	22.0
101.5	15.0
101.6	14.0
101.7	22.0
101.8	23.0
101.9	17.0
102.0	17.0
102.1	15.0
102.2	18.0
102.3	22.0
102.4	14.0
102.5	17.0
102.6	17.0
102.7	16.0
102.8	20.0
102.9	18.0
103.0	15.0
103.1	14.0
103.2	14.0
103.3	21.0
103.4	17.0
103.5	15.0
103.6	13.0
103.7	18.0
103.8	16.0
103.9	18.0
104.0	19.0
104.1	16.0
104.2	16.0
104.3	17.0
104.4	21.0
104.5	16.0
104.6	19.0
104.7	11.0
104.8	20.0
104.9	18.0
105.0	12.0
105.1	19.0
105.2	19.0
105.3	17.0
105.4	15.0
105.5	15.0
105.6	18.0
105.7	15.0
105.8	13.0
105.9	15.0
106.0	17.0
106.1	14.0
106.2	16.0
106.3	11.0
106.4	16.0
106.5	11.0
106.6	17.0
106.7	10.0
106.8	10.0
106.9	16.0
107.0	18.0
107.1	18.0
107.2	12.0
107.3	13.0
107.4	9.0
107.5	18.0
107.6	14.0
107.7	15.0
107.8	15.0
107.9	15.0
108.0	11.0
108.1	14.0
108.2	12.0
108.3	13.0
108.4	8.0
108.5	12.0
108.6	16.0
108.7	15.0
108.8	15.0
108.9	10.0
109.0	10.0
109.1	17.0
109.2	12.0
109.3	16.0
109.4	10.0
109.5	13.0
109.6	14.0
109.7	10.0
109.8	13.0
109.9	16.0
110.0	10.0
